% -------------------------------------------------------------------
%  Generated by MATLAB on 3-Jan-2022 16:22:49
%  MATLAB version: 9.10.0.1739362 (R2021a) Update 5
% -------------------------------------------------------------------
                                                   

BI2016PerFromSBTData = [2.11; 2.18; 1.84; 2.23; 2.36; 2.31; 2.27; 1.76; ...
                        1.79; 2.23; 1.83; 1.84; 2.14; 2.21; 1.78; 1.74; ...
                        1.85; 1.57; 1.73; 1.5; 1.97; 1.81; 2.3; 2.28; 2.59; ...
                        2.55; 2.1; 2.41; 1.92; 1.81; 2.35; 2.37; 2.11; ...
                        2.55; 2.1; 2.41; 1.92; 2.13; 2.22; 2.29; 2.1; 2.08; ...
                        2.07; 2.24; 2.3; 1.9; 2.41; 1.67; 1.82; 1.97; 1.41; ...
                        1.82; 1.76; 1.75; 1.76; 1.67; 1.88; 1.62; 1.89; ...
                        2.23; 1.58; 1.85; 2.41; 2.13; 2.55; 2.41; 1.92; ...
                        2.13; 1.87; 1.56; 1.33; 1.52; 1.16; 1.86; 1.47; ...
                        1.57; 1.34; 1.52; 1.41; 1.23; 1.18; 1.35; 1.57; ...
                        1.37; 1.38; 1.9; 1.36; 1.94; 2.1; 2.04; 1.9; 1.59; ...
                        1.88; 1.88; 1.65; 1.4; 2.24; 2.35; 2.27; 2.37; ...
                        1.57; 2.21; 2.4; 2.15; 2.1; 1.83; 2.03; 2.06; 1.72; ...
                        1.79; 1.9; 2.08; 2; 1.94; 1.85; 1.88; 2.09; 2.02; ...
                        1.79; 1.77; 1.86; 2.06; 1.97; 1.75; 2.18; 2.09; ...
                        2.09; 2.23; 2.14; 2.11; 1.97; 2.07; 2.06; 2; 2.5; ...
                        2.28; 1.77; 2.22; 1.89; 2.35; 1.95; 1.78; 2.06; ...
                        2.33; 1.97; 1.74; 1.87; 1.96; 1.59; 1.4; 1.88; ...
                        2.23; 2.02; 1.91; 2.06; 2.59; 1.65; 1.48; 1.79; ...
                        2.32; 2.06; 2.04; 1.64; 2.17; 1.59; 2.09; 2.1; ...
                        2.1; 2.32; 2.44; 2.55; 1.77; 1.84; 2.13; 2.36; ...
                        2.05; 1.8; 1.9; 2.1; 2.34; 1.84; 1.91; 1.84; 2.28; ...
                        2.46; 2.52; 2.16; 2.35; 2.27; 2.39; 2.05; 2.09; ...
                        2.47; 2.11; 1.87; 1.87; 1.8; 1.8; 1.85; 1.85; 1.62; ...
                        1.62; 2.15; 2.15; 1.65; 1.65; 1.96; 1.96; 1.86; ...
                        1.86; 1.68; 1.68; 1.69; 1.69; 1.74; 2.05; 1.79; ...
                        1.79; 2.07; 2.07; 1.92; 1.92; 1.83; 1.83; 1.87; ...
                        1.87; 1.9; 1.9; 1.96; 1.96; 1.95; 1.95; 2.01; 2.01; ...
                        2.11; 2.11; 1.9; 1.9; 1.98; 1.98; 2.03; 2.03; 2.13; ...
                        2.13; 1.75; 1.77; 1.9; 1.74; 1.85; 2.03; 2.53];

